(-1 -15 +16 +4 -2 +14 +6 +8 -18 -13 -11 -9 -10 -7 -20 +17 +12 -5 +3 -19)
(+1 -15 +16 +4 -2 +14 +6 +8 -18 -13 -11 -9 -10 -7 -20 +17 +12 -5 +3 -19)
(+1 +2 -4 -16 +15 +14 +6 +8 -18 -13 -11 -9 -10 -7 -20 +17 +12 -5 +3 -19)
(+1 +2 -3 +5 -12 -17 +20 +7 +10 +9 +11 +13 +18 -8 -6 -14 -15 +16 +4 -19)
(+1 +2 +3 +5 -12 -17 +20 +7 +10 +9 +11 +13 +18 -8 -6 -14 -15 +16 +4 -19)
(+1 +2 +3 -4 -16 +15 +14 +6 +8 -18 -13 -11 -9 -10 -7 -20 +17 +12 -5 -19)
(+1 +2 +3 +4 -16 +15 +14 +6 +8 -18 -13 -11 -9 -10 -7 -20 +17 +12 -5 -19)
(+1 +2 +3 +4 +5 -12 -17 +20 +7 +10 +9 +11 +13 +18 -8 -6 -14 -15 +16 -19)
(+1 +2 +3 +4 +5 +6 +8 -18 -13 -11 -9 -10 -7 -20 +17 +12 -14 -15 +16 -19)
(+1 +2 +3 +4 +5 +6 +7 +10 +9 +11 +13 +18 -8 -20 +17 +12 -14 -15 +16 -19)
(+1 +2 +3 +4 +5 +6 +7 +8 -18 -13 -11 -9 -10 -20 +17 +12 -14 -15 +16 -19)
(+1 +2 +3 +4 +5 +6 +7 +8 +9 +11 +13 +18 -10 -20 +17 +12 -14 -15 +16 -19)
(+1 +2 +3 +4 +5 +6 +7 +8 +9 +10 -18 -13 -11 -20 +17 +12 -14 -15 +16 -19)
(+1 +2 +3 +4 +5 +6 +7 +8 +9 +10 +11 +13 +18 -20 +17 +12 -14 -15 +16 -19)
(+1 +2 +3 +4 +5 +6 +7 +8 +9 +10 +11 -12 -17 +20 -18 -13 -14 -15 +16 -19)
(+1 +2 +3 +4 +5 +6 +7 +8 +9 +10 +11 +12 -17 +20 -18 -13 -14 -15 +16 -19)
(+1 +2 +3 +4 +5 +6 +7 +8 +9 +10 +11 +12 +13 +18 -20 +17 -14 -15 +16 -19)
(+1 +2 +3 +4 +5 +6 +7 +8 +9 +10 +11 +12 +13 +14 -17 +20 -18 -15 +16 -19)
(+1 +2 +3 +4 +5 +6 +7 +8 +9 +10 +11 +12 +13 +14 +15 +18 -20 +17 +16 -19)
(+1 +2 +3 +4 +5 +6 +7 +8 +9 +10 +11 +12 +13 +14 +15 -16 -17 +20 -18 -19)
(+1 +2 +3 +4 +5 +6 +7 +8 +9 +10 +11 +12 +13 +14 +15 +16 -17 +20 -18 -19)
(+1 +2 +3 +4 +5 +6 +7 +8 +9 +10 +11 +12 +13 +14 +15 +16 +17 +20 -18 -19)
(+1 +2 +3 +4 +5 +6 +7 +8 +9 +10 +11 +12 +13 +14 +15 +16 +17 +18 -20 -19)
(+1 +2 +3 +4 +5 +6 +7 +8 +9 +10 +11 +12 +13 +14 +15 +16 +17 +18 +19 +20)